00102 9.000000
00001 9.000000
00052 12.760000
00103 27.980000
00002 9.000000
00053 24.350000
00104 27.980000
00054 9.000000
00003 9.000000
0530-00000 9.000000
00055 12.510000
00004 9.000000
0530-00001 12.250000
00056 12.510000
00005 9.000000
0530-00002 9.000000
00057 18.240000
00006 9.000000
0530-00003 9.000000
00058 29.670000
00007 9.000000
0530-00004 9.000000
00008 9.000000
00059 9.000000
00060 9.000000
0530-00005 11.290000
00009 9.000000
0530-00006 9.000000
00061 18.630000
00010 9.000000
0530-00007 9.000000
00062 14.990000
00011 9.000000
00063 14.990000
0530-00008 16.860000
00012 9.000000
00064 14.990000
0530-00009 9.000000
00013 9.000000
00065 14.990000
0530-00010 9.000000
00014 9.000000
00066 14.990000
0530-00011 9.000000
00015 9.000000
00068 9.000000
0530-00012 9.000000
00016 9.000000
00069 9.000000
0530-00013 26.900000
00017 17.530000
00070 9.000000
0530-00014 9.000000
00018 27.980000
00071 21.560000
0530-00015 9.000000
00072 15.590000
00019 23.860000
0530-00016 9.000000
00073 17.880000
00020 23.860000
0530-00017 9.000000
00074 14.690000
00021 57.820000
0530-00018 9.000000
00075 14.690000
00022 21.120000
0530-00019 9.000000
00076 14.690000
00023 17.530000
0530-00020 9.000000
00077 9.000000
00024 41.930000
0531-00000 18.240000
00078 9.000000
00025 30.260000
0531-00001 9.000000
00079 9.000000
00026 54.620000
0531-00002 9.000000
00080 9.000000
00027 23.390000
0531-00003 9.000000
00081 9.000000
00028 13.030000
0531-00004 9.000000
00082 9.000000
00029 25.850000
0531-00005 9.000000
00083 9.000000
00030 25.850000
00031 25.850000
0531-00006 9.000000
00032 9.000000
00084 9.000000
0531-00007 9.000000
00033 9.000000
00085 9.000000
0531-00008 9.000000
00034 22.920000
00086 9.000000
0531-00009 9.000000
00035 24.840000
00087 9.000000
0531-00010 9.000000
00036 24.840000
00088 9.000000
0531-00011 9.000000
00037 61.190000
00089 9.000000
0531-00012 18.240000
00038 25.340000
00090 9.000000
0531-00013 64.750000
00039 9.000000
00091 9.000000
0531-00014 9.000000
00040 9.000000
00092 9.000000
0531-00015 9.000000
00041 9.000000
00093 9.000000
0601-00000 9.000000
00094 9.000000
00042 9.000000
0601-00001 9.000000
00095 9.000000
00043 9.000000
0601-00002 9.000000
00096 9.000000
00044 9.000000
0601-00003 9.000000
00097 9.000000
00045 9.000000
0601-00004 9.000000
00098 9.000000
00046 9.000000
0601-00005 9.000000
00099 9.000000
00047 9.000000
0601-00006 9.000000
00100 9.000000
00048 9.000000
0601-00007 9.000000
00101 9.000000
00049 9.000000
0601-00008 9.000000
0601-00009 9.000000
0601-00010 9.000000
0601-00012 9.000000
0601-00013 9.000000
0601-00014 9.000000
0601-00015 9.000000
0601-00016 9.000000
0601-00017 9.000000
0601-00018 9.000000
0601-00019 9.000000
0601-00020 9.000000
